# oST version 5.0 parameters


[image]

width
800

height
448

[narrow_stereo]

camera matrix
603.726587 0.000000 409.087073
0.000000 602.722419 224.136190
0.000000 0.000000 1.000000

distortion
0.037767 -0.095326 -0.002255 -0.000141 0.000000

rectification
1.000000 0.000000 0.000000
0.000000 1.000000 0.000000
0.000000 0.000000 1.000000

projection
601.821594 0.000000 408.855977 0.000000
0.000000 603.706726 222.996757 0.000000
0.000000 0.000000 1.000000 0.000000
